.Random.seed <-
c(403L, 10L, -886617083L, -1040952644L, -1773632622L, -1598668659L, 
-1634396473L, 93372334L, -696612344L, -275091957L, 1323771625L, 
263086520L, -750920090L, 1582234369L, -2050830957L, -1735449022L, 
-2036237836L, -1438407689L, -406743059L, 1947603076L, -1965119830L, 
-399573995L, 659917999L, -650591562L, 672497888L, 706030627L, 
843641665L, 2087427632L, -620757938L, -1794272071L, -1277947701L, 
-119947910L, 1288790140L, -751893313L, 475763093L, -1406846548L, 
1538059138L, 659984733L, 1305301079L, 1116858174L, -539267208L, 
1461650523L, 1926403001L, 1241461256L, 1422276790L, -981868559L, 
-1358583261L, -926776718L, 785955012L, 1412050567L, 759195229L, 
1943324756L, 1499634298L, 971637189L, -313863393L, 987274918L, 
1370689584L, -1577479469L, 956287217L, -228084704L, -643738946L, 
-1612835127L, 24261755L, -820598198L, -1896722772L, -1971615313L, 
-517463707L, -671240420L, -1088334990L, 1211224045L, 416407591L, 
991533134L, -1418011480L, 2132693675L, -293062711L, 577137624L, 
1403746950L, 1639480161L, -1648525581L, -572948126L, -336830508L, 
-1849931049L, 97398989L, -1336424348L, 473425482L, 660837301L, 
-267563249L, -1575400426L, -925886784L, 1236979843L, -1767551839L, 
1172644496L, -1793744530L, -1756815591L, 1826509739L, 75596186L, 
-33819300L, -1590743969L, 112669749L, 677056460L, 130427682L, 
953857405L, -1268828553L, -282243170L, 30109272L, 1119782843L, 
-2017105575L, 1942708968L, 658807574L, -664933231L, 1198907715L, 
822078546L, -1036734748L, 2128320807L, -1050953347L, 672231540L, 
493498970L, 947805861L, -1538921281L, 1573826374L, -2106815024L, 
1479094259L, -1544767727L, 1063188288L, -667779298L, -223457303L, 
1057891611L, -663683286L, 1035071564L, 1032656911L, -447343803L, 
1565644028L, 1628308306L, 1567265997L, 1164498055L, 1120898926L, 
-875790008L, 156329291L, 1497311401L, -932259336L, -1257961178L, 
-332359103L, 1633047507L, 1024033154L, -2013198924L, -2126384841L, 
267744301L, -777895612L, 415880810L, 1783726293L, -1291768209L, 
-1457534090L, 2020138144L, 1054051L, 106649089L, 177050992L, 
1290978574L, 2088896377L, 713832203L, -613820358L, 1845225276L, 
-1168620417L, 484292565L, -738870804L, -1648002238L, -856677219L, 
-723665641L, 1303155838L, -955151304L, -888034533L, 1701101689L, 
2031167688L, -551411466L, -961543887L, -1508177565L, 478853938L, 
-448875388L, -2089479993L, -384177251L, 194105108L, -673200710L, 
-1767627771L, -97347105L, -810705818L, -1497826320L, -246078189L, 
455293617L, -1623206560L, -1073575170L, 171714185L, 949809595L, 
-517600374L, 138547820L, 111074287L, 1947862053L, -1135870756L, 
1798263474L, -708852307L, -105318041L, -1284434290L, 1046781800L, 
1060661099L, -1633255159L, 1681635224L, -2022707514L, -1999643615L, 
-2074896205L, 167567906L, -462990316L, -324204393L, -429438323L, 
949922724L, 406254986L, 1602171381L, -1419334577L, -248935594L, 
1389486592L, -806978749L, -310125855L, -777754544L, 1217087662L, 
1023650905L, -1306952597L, 1833529818L, -1326531940L, 1329058975L, 
-386341131L, 149371788L, -326346142L, -1966329094L, 1727678288L, 
-257825748L, 1398032756L, -1676235118L, -1330388384L, -1858948980L, 
213995872L, 202217698L, -384996184L, -506997044L, -1978279428L, 
-105346126L, 673006576L, -975076924L, 1822047576L, -275779206L, 
-1517653584L, -182572612L, 313196116L, 672012738L, 141181728L, 
1578513340L, -1754017712L, 548166626L, -1020428440L, -1566746804L, 
414265084L, -259733774L, 2030337280L, 1721269364L, 1691905544L, 
658122170L, 1119823312L, 74508268L, -1038373996L, 402942162L, 
-115387296L, -1457222324L, -443583712L, 30222978L, -688008728L, 
997743596L, 363482684L, -1992538510L, 1752787824L, 1154747684L, 
-1972856264L, 1906213274L, -1294479920L, 1469302204L, -1207038316L, 
-678104446L, -1360867904L, 1522095932L, 454271632L, 91924258L, 
1362380296L, -1177296116L, 1179055004L, 1543846930L, 976620416L, 
-117765356L, 282858792L, -436756422L, 1327395792L, -717792660L, 
-905925580L, 1222258834L, -506103456L, -1523925684L, -1960045088L, 
-1059619934L, -1091404888L, 15625356L, -1093934148L, -1005267854L, 
299247600L, -487582652L, 1337600088L, 2081632314L, 1721903216L, 
1736994364L, -1532008684L, -617706814L, 426521312L, -661674884L, 
-1144795952L, -353139806L, -1780187608L, -11620084L, 1432532924L, 
923599154L, -880092992L, -1065831884L, 202369736L, 235393722L, 
-423666544L, 335902444L, -1127115180L, -1979140462L, 682043168L, 
770627532L, -1518327584L, -1213194558L, -696421336L, 511622060L, 
649788092L, 1243636210L, -331000272L, -1494280284L, -2109165128L, 
-573633702L, -1822661488L, 37567356L, -1405505772L, -1803719358L, 
-1190072576L, -1652327492L, -1204400304L, -574066398L, -1042281912L, 
-990529524L, 328117340L, 687837650L, 654095872L, 1569902932L, 
-2124279576L, -227020550L, -1507166512L, 538839340L, -1329796876L, 
919641490L, -728061600L, -291018740L, -1948259616L, 34673250L, 
111807144L, -1504933300L, 97302396L, 480197938L, -942602640L, 
-4719804L, 1059395544L, 1738837882L, 1718246960L, 1881814972L, 
-1047493036L, -1825998782L, 315437216L, 1909444284L, -775403056L, 
299893602L, -1975958808L, 412487884L, -1395215876L, 466754034L, 
2108041856L, 514799092L, 523765384L, 983813946L, 1923412816L, 
-1309838228L, 1644161428L, -1645767598L, -1806390816L, -2111865652L, 
306072736L, 1395742082L, -1858584344L, -163766548L, 503233852L, 
-1953858446L, -788557712L, -685463516L, 343977016L, -814139622L, 
-774697776L, -1974610116L, 616773524L, -322053246L, 1971777984L, 
-1245053380L, 1019516304L, 415581730L, 1448041736L, -1008945524L, 
-1924225252L, 892874898L, 868776320L, 1254510100L, -960606424L, 
654877242L, 993973712L, 236468588L, 1158599604L, -464398318L, 
1101929952L, 899567564L, -1020940064L, -250542046L, -1406664408L, 
-553075188L, 1264099132L, -513143822L, -1641911568L, -1642707388L, 
1768686168L, -529916102L, -1171720720L, 1086025404L, -217413356L, 
-575673662L, 913218656L, 1810379644L, 42125264L, -1896750814L, 
1676221096L, 995406732L, -2127181636L, -364374222L, -222381504L, 
-1074592588L, -845272504L, -1210937926L, -698975728L, -1092191508L, 
1358284179L, 1881896693L, 1057388242L, 575652128L, 1146253577L, 
-1416366533L, 1714023308L, 403499546L, -1011123569L, -633297447L, 
1765370478L, -416138756L, 1878940525L, 884876567L, 2098401504L, 
1738032830L, 1537909899L, -1038609651L, 1844392762L, 1044876152L, 
-817841887L, 893440467L, -1331724044L, -731528830L, -792656873L, 
-2116201759L, 28871718L, 138271012L, 148642261L, 1242936703L, 
-344208360L, 1261716278L, -1248266813L, 1547795461L, -882206814L, 
-1555647600L, -2000373959L, -884710421L, 1548006620L, -2106520310L, 
-1449610241L, -1163409847L, -1937116194L, 151047052L, 1932659549L, 
219577191L, -268128112L, -1233899858L, -467137701L, -441361603L, 
-2027515478L, -293994936L, 1220497009L, -1824960541L, -214689052L, 
1027547666L, -1999006233L, 339296689L, 475514870L, 1920530964L, 
-1061419739L, 656586287L, 1964995560L, 523601094L, 1352655219L, 
1751312853L, 10583474L, -1247030400L, -1604851863L, -1260287013L, 
576115500L, -1165390534L, 1525134319L, -736622983L, -1709342450L, 
-273751844L, 1333000013L, 275412663L, 2127303744L, 112356638L, 
-1989048341L, 1559481197L, -2118612518L, -144039016L, 1608071681L, 
557661107L, 1043839700L, -603157534L, 489733751L, -908621887L, 
1434383686L, 1224623236L, -867882443L, -1695182305L, 1575699832L, 
1451336790L, -1684039453L, -2115457371L, -1478270142L, -668784336L, 
2055164249L, 1641964235L, -260928708L, -1024515222L, 1840550303L, 
-638089175L, -93400386L, 796500908L, -986910467L, -728597433L, 
1678486320L, -424043442L, 1185607803L, -1724111907L, -516912630L, 
-1795629272L, 950022545L, -1673017469L, 2027347076L, -1868813646L, 
1497550343L, -904851887L, 213091798L, 899356852L, -7437115L, 
207734287L, -1974985080L, -815500378L, 436812627L, -1112140619L, 
-1769450990L, -794673184L, -815132087L, -1368483717L, 2055956812L, 
-556188454L, -561128241L, 1181587609L, 1797895342L, 1073557948L, 
-505992659L, -1076191785L, 1969574944L, 640055678L, -576178357L, 
